%YAML:1.0
calibration_time: "2018年09月29日 星期六 10时48分07秒"
nframes: 30
image_width: 640
image_height: 480
board_width: 8
board_height: 10
square_size: 1.
aspectRatio: 1.
flags: 2
camera_matrix: !!opencv-matrix
   rows: 3
   cols: 3
   dt: d
   data: [ 5.5974181320536218e+02, 0., 3.0709102243601887e+02, 0.,
       5.5974181320536218e+02, 2.5022580858498989e+02, 0., 0., 1. ]
distortion_coefficients: !!opencv-matrix
   rows: 5
   cols: 1
   dt: d
   data: [ -3.8144343333276226e-01, 5.1281771239266426e-03,
       4.3193625080080161e-03, -2.6749655447565945e-03,
       1.1776939087811010e-01 ]
avg_reprojection_error: 1.4328439254804564e+00
per_view_reprojection_errors: !!opencv-matrix
   rows: 30
   cols: 1
   dt: f
   data: [ 4.99763876e-01, 2.81820506e-01, 5.69011688e-01,
       2.70389080e-01, 2.63800830e-01, 2.24264756e-01, 1.80544689e-01,
       1.75846070e-01, 1.75611347e-01, 1.82493842e+00, 1.27520725e-01,
       3.95003021e-01, 2.46911740e+00, 3.59709454e+00, 3.44024920e+00,
       3.47315979e+00, 3.53473973e+00, 1.55676305e-01, 3.75679404e-01,
       3.89205068e-01, 3.36893439e-01, 4.82967287e-01, 3.75358850e-01,
       4.37774241e-01, 2.73701638e-01, 4.78486389e-01, 3.91259402e-01,
       4.01154846e-01, 2.68697888e-01, 1.84023485e-01 ]
extrinsic_parameters: !!opencv-matrix
   rows: 30
   cols: 6
   dt: d
   data: [ -4.9868770336762597e-01, 7.2135093458946392e-02,
       -1.4316169882302598e+00, 4.5478637289457744e+00,
       8.3798352966461582e+00, 2.5454976486804444e+01,
       -3.4322724412359623e-01, 1.9458671116575035e-01,
       -1.5071639165793593e+00, 3.7212346707003654e+00,
       2.2767848836212474e+00, 2.5896248316930787e+01,
       -3.1931191834381378e-01, 3.0247073711689232e-01,
       -1.4899320830235463e+00, 3.6054166293472063e+00,
       -2.2654605740031339e+00, 2.4865174887105130e+01,
       2.7215576140589010e-01, 2.4673362202158522e-01,
       1.5845500811855646e+00, 7.3216081428321917e+00,
       -9.9514260936432244e+00, 2.5538846092186702e+01,
       -3.0702851083751892e-01, 2.1895075180665879e-01,
       -1.3978457458374272e+00, -2.0758153184344517e+00,
       2.4198741699425703e+00, 2.8549630359509884e+01,
       -1.4798526641101861e-01, -1.0316476821198821e-01,
       -1.5270703657506515e+00, -2.9632808328381519e+00,
       9.2010019078635796e+00, 3.1134693531442647e+01,
       -2.3081883736731298e-01, -5.9101637584046317e-02,
       1.5361241690593874e+00, -3.8979947087175688e+00,
       3.1449998470645397e+00, 3.2598505898762973e+01,
       -2.2095591408206064e-01, -1.8402267139814223e-02,
       1.5369480954106676e+00, -4.2112087099353843e+00,
       -2.5111044553876285e+00, 3.3563173270826091e+01,
       -1.8833491257205273e-01, -1.2262925751146776e-01,
       1.4816118070234048e+00, -4.6196622447955882e+00,
       -1.0236237457761190e+01, 3.2310975457112477e+01,
       7.0381323684539768e-02, -1.1215900455408399e-01,
       1.5333433502247180e+00, -5.2902837151218876e+00,
       -9.8641917991899568e+00, 3.7543598317114494e+01,
       1.0177635655380296e-02, 4.7812183423278060e-02,
       -1.4578365008627514e+00, -1.3190856013882405e+01,
       5.1951230247400204e+00, 3.7156274485943882e+01,
       1.8546221544477004e-01, -4.1104772334893436e-01,
       -1.4569766932434240e+00, -1.5820987212229939e+01,
       1.1196946523598848e+01, 3.7011432643326906e+01,
       5.5252478576256238e-02, -3.0518630705699235e-01,
       -1.4937919854345301e+00, -4.8194372790788487e+00,
       1.2158693641085680e+01, 3.8454445727424982e+01,
       -2.2469570647072795e-01, 1.1202327179546159e-01,
       1.6525293303060276e+00, 1.5737450427682624e+01,
       6.1677188377708410e+00, 3.7816760614096928e+01,
       -1.1652964747380032e-01, 7.8212723497172676e-02,
       1.5634354752061381e+00, 1.7715870178941984e+01,
       3.2558923998153955e-01, 3.5738117264476308e+01,
       5.1660680447141706e-02, 1.6852435133306472e-02,
       1.4288539967786915e+00, 1.7639029897989314e+01,
       -7.3160847301045617e+00, 3.4743571928693278e+01,
       1.4457107764624813e-01, 9.0056274178040074e-02,
       1.3664826426055461e+00, 1.7732646299383894e+01,
       -1.3543685921747056e+01, 3.2601596242707870e+01,
       -7.1640777841807973e-02, 2.1762249779569093e-01,
       -1.5080396671798904e+00, -2.4169078826208077e+00,
       7.0484597990831799e-01, 3.7916569156411505e+01,
       3.6681004181553699e-02, 3.3220587272153440e-01,
       1.5409547903760090e+00, 5.6221760212848384e+00,
       -2.1275602569341934e+00, 1.9096125843029380e+01,
       2.7052590695923484e-01, 3.6182568856836483e-01,
       1.5770253540413017e+00, 3.8101732963500909e+00,
       -2.6243933118921579e+00, 1.4833780345920092e+01,
       2.5860926555062197e-01, 2.8138203508243953e-01,
       1.4679301239627773e+00, 6.5277936106203711e+00,
       -8.7713164764395852e+00, 2.0649523396903451e+01,
       3.5077668816560187e-01, 4.4485265182484257e-01,
       1.5856630550985966e+00, 6.1409633969972361e+00,
       -4.3257111113901701e+00, 1.3213576433788068e+01,
       2.0573305457257857e-01, 2.1396997909811893e-01,
       1.5955055627426415e+00, 6.1037239334577853e-01,
       -2.4572862971094525e+00, 1.6154009866515178e+01,
       1.7911924542424537e-01, 3.1653709315709505e-01,
       -3.8820108701033561e-03, -4.9665370086482419e+00,
       -5.4469976604241461e+00, 1.7233707500072327e+01,
       1.0712061339061441e-01, 2.7962426446065325e-01,
       6.9756425632140125e-03, -4.6640063215865235e-01,
       -5.1432363935797332e+00, 1.7108597560645844e+01,
       8.0969458681750484e-02, 2.8607441008096063e-01,
       -2.4369810917699783e-03, 2.0125282618761258e+00,
       -5.1429487247538459e+00, 1.7490090922802818e+01,
       1.6480529080125222e-01, 6.5331170153867635e-02,
       1.0286971304127066e-01, -6.1153836308083829e+00,
       -5.7638844058606304e+00, 1.7389628258480577e+01,
       -1.8752339074567637e-01, 1.6029892603887841e-01,
       -8.0316801682280749e-03, -2.1310340683031481e+00,
       -4.5682901307628336e+00, 1.6298891994915341e+01,
       -1.2533898921926229e-01, 1.2228346928451347e-01,
       -5.8234867993454530e-02, -2.0621868062918782e+00,
       -4.5216813128189424e+00, 2.0211433392580265e+01,
       -6.5030125842286832e-02, 1.1315147515119377e-02,
       -8.9853786127717286e-02, -1.3179247860389567e+00,
       -4.8429811602285904e+00, 2.6296329502523726e+01 ]
