%YAML:1.0
M_L: !!opencv-matrix
   rows: 3
   cols: 3
   dt: d
   data: [ 4.8485678458503560e+02, 0., 3.1984271341779277e+02, 0.,
       4.7849342106773673e+02, 2.4258677342694295e+02, 0., 0., 1. ]
D_L: !!opencv-matrix
   rows: 1
   cols: 14
   dt: d
   data: [ 4.7488030104738663e-02, -1.9113503447123523e-01, 0., 0., 0.,
       0., 0., -1.2213153211085856e-01, 0., 0., 0., 0., 0., 0. ]
M_R: !!opencv-matrix
   rows: 3
   cols: 3
   dt: d
   data: [ 4.8485678458503560e+02, 0., 3.1871078452903032e+02, 0.,
       4.7849342106773673e+02, 2.2926181081291159e+02, 0., 0., 1. ]
D_R: !!opencv-matrix
   rows: 1
   cols: 14
   dt: d
   data: [ 4.5512536376610728e-02, 4.2067428940605327e-02, 0., 0., 0.,
       0., 0., 3.2197725828382462e-01, 0., 0., 0., 0., 0., 0. ]
R_L: !!opencv-matrix
   rows: 3
   cols: 3
   dt: d
   data: [ 9.9974366364060896e-01, 4.1316356790615238e-03,
       -2.2260651317250052e-02, -4.3430473505841278e-03,
       9.9994584874335801e-01, -9.4571412507126733e-03,
       2.2220372412794197e-02, 9.5513961042798783e-03,
       9.9970747015429262e-01 ]
R_R: !!opencv-matrix
   rows: 3
   cols: 3
   dt: d
   data: [ 9.9974703804411835e-01, 1.4286364304283433e-02,
       -1.7371232454182674e-02, -1.4120596989111897e-02,
       9.9985394315871845e-01, 9.6281405594897534e-03,
       1.7506246390446973e-02, -9.3804128335326278e-03,
       9.9980275014244158e-01 ]
P_L: !!opencv-matrix
   rows: 3
   cols: 4
   dt: d
   data: [ 3.9018919929094244e+02, 0., 3.3265590286254883e+02, 0., 0.,
       3.9018919929094244e+02, 2.3086411857604980e+02, 0., 0., 0., 1.,
       0. ]
P_R: !!opencv-matrix
   rows: 3
   cols: 4
   dt: d
   data: [ 3.9018919929094244e+02, 0., 3.3265590286254883e+02,
       -6.3519667606988060e+05, 0., 3.9018919929094244e+02,
       2.3086411857604980e+02, 0., 0., 0., 1., 0. ]
Q: !!opencv-matrix
   rows: 4
   cols: 4
   dt: d
   data: [ 1., 0., 0., -3.3265590286254883e+02, 0., 1., 0.,
       -2.3086411857604980e+02, 0., 0., 0., 3.9018919929094244e+02, 0.,
       0., 6.1428092115522364e-04, 0. ]
R: !!opencv-matrix
   rows: 3
   cols: 3
   dt: d
   data: [ 9.9994108826376249e-01, -9.8220327150479857e-03,
       -4.6203544481922664e-03, 9.7318529043163553e-03,
       9.9976922982512684e-01, -1.9151452527718670e-02,
       4.8073944014561838e-03, 1.9105359672543194e-02,
       9.9980591826156529e-01 ]
T: !!opencv-matrix
   rows: 3
   cols: 1
   dt: d
   data: [ -1.6275078772819168e+03, -2.3257053592704903e+01,
       2.8278971161131913e+01 ]

#--------------------------------------------------------
# Camera Parameters
#--------------------------------------------------------
Camera.width: 640
Camera.height: 480

#--------------------------------------------------------
# BM Parameters
#--------------------------------------------------------
# PreFilterSize [5,255] odd
BM.preFilterSize: 9

# PreFilterCap [1-31]
BM.preFilterCap: 31

# SADWindowSize [10-30]
BM.blockSize: 21

# Max Disparity [n*16]
BM.numDisparities: 64 

# TextureThreshold
BM.textureThreshold: 15

# UniquenessRatio
BM.uniquenessRatio: 15


#--------------------------------------------------------
# SGBM Parameters
#--------------------------------------------------------
# PreFilterCap [1-63]
SGBM.preFilterCap: 63

# SADWindowSize [10-30]
SGBM.blockSize: 19

# Max Disparity
SGBM.numDisparities: 64

# UniquenessRatio
SGBM.uniquenessRatio: 15

#--------------------------------------------------------
# Other Parameters
#--------------------------------------------------------
