%YAML:1.0
R: !!opencv-matrix
   rows: 3
   cols: 3
   dt: d
   data: [ 9.9994108826376249e-01, -9.8220327150479857e-03,
       -4.6203544481922664e-03, 9.7318529043163553e-03,
       9.9976922982512684e-01, -1.9151452527718670e-02,
       4.8073944014561838e-03, 1.9105359672543194e-02,
       9.9980591826156529e-01 ]
T: !!opencv-matrix
   rows: 3
   cols: 1
   dt: d
   data: [ -1.6275078772819168e+03, -2.3257053592704903e+01,
       2.8278971161131913e+01 ]
R1: !!opencv-matrix
   rows: 3
   cols: 3
   dt: d
   data: [ 9.9974366364060896e-01, 4.1316356790615238e-03,
       -2.2260651317250052e-02, -4.3430473505841278e-03,
       9.9994584874335801e-01, -9.4571412507126733e-03,
       2.2220372412794197e-02, 9.5513961042798783e-03,
       9.9970747015429262e-01 ]
R2: !!opencv-matrix
   rows: 3
   cols: 3
   dt: d
   data: [ 9.9974703804411835e-01, 1.4286364304283433e-02,
       -1.7371232454182674e-02, -1.4120596989111897e-02,
       9.9985394315871845e-01, 9.6281405594897534e-03,
       1.7506246390446973e-02, -9.3804128335326278e-03,
       9.9980275014244158e-01 ]
P1: !!opencv-matrix
   rows: 3
   cols: 4
   dt: d
   data: [ 3.9018919929094244e+02, 0., 3.3265590286254883e+02, 0., 0.,
       3.9018919929094244e+02, 2.3086411857604980e+02, 0., 0., 0., 1.,
       0. ]
P2: !!opencv-matrix
   rows: 3
   cols: 4
   dt: d
   data: [ 3.9018919929094244e+02, 0., 3.3265590286254883e+02,
       -6.3519667606988060e+05, 0., 3.9018919929094244e+02,
       2.3086411857604980e+02, 0., 0., 0., 1., 0. ]
Q: !!opencv-matrix
   rows: 4
   cols: 4
   dt: d
   data: [ 1., 0., 0., -3.3265590286254883e+02, 0., 1., 0.,
       -2.3086411857604980e+02, 0., 0., 0., 3.9018919929094244e+02, 0.,
       0., 6.1428092115522364e-04, 0. ]
