%YAML:1.0
M1: !!opencv-matrix
   rows: 3
   cols: 3
   dt: d
   data: [ 4.8485678458503560e+02, 0., 3.1984271341779277e+02, 0.,
       4.7849342106773673e+02, 2.4258677342694295e+02, 0., 0., 1. ]
D1: !!opencv-matrix
   rows: 1
   cols: 14
   dt: d
   data: [ 4.7488030104738663e-02, -1.9113503447123523e-01, 0., 0., 0.,
       0., 0., -1.2213153211085856e-01, 0., 0., 0., 0., 0., 0. ]
M2: !!opencv-matrix
   rows: 3
   cols: 3
   dt: d
   data: [ 4.8485678458503560e+02, 0., 3.1871078452903032e+02, 0.,
       4.7849342106773673e+02, 2.2926181081291159e+02, 0., 0., 1. ]
D2: !!opencv-matrix
   rows: 1
   cols: 14
   dt: d
   data: [ 4.5512536376610728e-02, 4.2067428940605327e-02, 0., 0., 0.,
       0., 0., 3.2197725828382462e-01, 0., 0., 0., 0., 0., 0. ]
